0.0	-49.3482812697	177.082159329
-60.3326501935	-42.6282479785	177.894887379
-59.6760839423	-48.4237535468	177.427270349
-55.9715361632	-46.9374112272	-179.993117673
-61.7206808907	-42.332028581	177.068959802
-61.35083222	-36.7607810437	177.313145577
-67.3436966981	-42.2870564373	177.725035378
-62.9205660858	-43.9838965271	173.767505367
-53.9922971042	-51.1274914395	179.287204955
-59.7453168693	-44.0618897414	177.821203276
-52.7537480769	-49.5635374046	-178.304750403
-57.5906365043	-48.9301757562	-176.281744847
-68.2201690766	-47.6291934553	-178.034143406
-66.9650989583	-41.4377723346	178.421641874
-58.5030477331	-49.8016346996	178.737430937
-60.2956969732	-38.6950218034	174.148401258
-62.5741367041	-40.2039490079	176.900861688
-64.3263141536	-40.1313955007	-178.721860511
-68.6901926133	-34.6595667485	179.811256689
-80.6771027144	-60.0646002302	-179.106398841
138.158471035	22.7108092243	-178.098187507
-91.3164018154	158.982863686	-175.153588729
-57.9968450209	126.82031159	-173.001938851
-72.3217411727	-42.9262189123	-177.132252697
-68.8460690641	-32.5043776386	177.186369734
-71.1212704743	-39.9574788337	177.869048029
-61.0648790843	-43.185919484	176.950978194
-58.415690416	-46.0024166581	178.987532053
-64.1713580091	-45.9527677049	-178.393829444
-60.0241892809	-41.1925529891	177.993408345
-63.9959267331	-40.7873593315	174.789677423
-63.4471077837	-41.4627183102	174.591618979
-59.6454853315	-44.6942322167	177.605488974
-57.513677859	-49.2573291199	176.397429299
-53.3842611538	-48.3660532311	-178.685272372
-58.3319205946	-45.1340352143	-179.472888086
-64.8934402828	-40.6619739285	175.466281804
-63.2889578225	-46.5105899362	-178.676914724
-61.3632095486	-45.3807558307	178.270410466
-60.8518776774	-51.7289055134	-179.101679427
-60.2356292627	-44.769161979	177.323236594
-57.0934063132	-53.2672518911	178.737545057
-55.0962626003	-39.7441603092	178.820597862
-64.9740587923	-40.3186674374	177.296682404
-75.3985140072	-31.7306354836	-178.92250614
103.352464498	-0.853705892176	-174.819656577
-90.3551708201	64.2152904188	-176.178620533
-97.3629616735	97.1125131371	175.357653367
-153.585530284	169.338330501	177.694297794
-76.4389364417	-25.6809376636	171.879150482
-62.2761841333	-49.487490572	177.078493035
-60.1633440386	-42.7113130474	177.979973162
-59.6896777225	-48.4392022985	177.47429042
-55.9854319848	-46.9609598952	179.947121866
-61.6645406766	-42.2990873012	177.017779102
-61.3180416272	-36.8173027706	177.339295123
-67.295391963	-42.3434562637	177.684636318
-62.7964220187	-44.0579751896	173.853829528
-53.9981639493	-51.0277518059	179.339083557
-59.8622053554	-43.9935847461	177.803223773
-52.6663527107	-49.693118679	-178.200042236
-57.6129425661	-48.8923407003	-176.263934503
-68.3004659571	-47.4771957183	-178.067745923
-67.080038621	-41.3903852004	178.452937097
-58.5874557434	-49.7237288835	178.716186065
-60.2401642925	-38.795155989	174.263524111
-62.6051985159	-40.0775425059	176.837738945
-64.3124672374	-40.2645046521	-178.811792617
-68.4802857873	-34.7418130799	179.809283178
-80.7292570061	-60.0037211056	-179.089737931
138.141925804	22.7836417336	-178.143927262
-91.330795966	158.969637816	-175.159514803
-57.955378141	126.798911251	-173.031683195
-72.2632546283	-43.045937273	-177.188494356
-68.7302996148	-32.5099084857	177.187602723
-71.0985333315	-39.9888077402	177.898956394
-61.0562218382	-43.2388200738	176.866433056
-58.3563007814	-46.0589966617	178.909959135
-64.0477700591	-45.9263590251	-178.453664897
-60.1046273064	-41.0653345816	177.926968795
-64.002613343	-40.8319540318	174.808976895
-63.5167976858	-41.3551512406	174.529896354
-59.6999659408	-44.6868532512	177.618829516
-57.5882094383	-49.130664767	176.327820578
-53.4629780795	-48.3525256084	-178.735549162
-58.3238707218	-45.1098606542	-179.55951652
-64.7945175379	-40.7102699044	175.435403197
-63.3060310527	-46.4796562156	-178.660184503
-61.4066647171	-45.3879361435	178.349291022
-60.8321567052	-51.9151186356	-179.027728606
-60.2091370167	-44.6775380946	177.348637864
-57.1014346017	-53.3387476235	178.809200673
-55.0793696903	-39.6505946285	178.762533239
-64.9849908675	-40.3651432099	177.26946468
-75.4057583541	-31.6952038685	-178.883117569
103.329821397	-0.865419460732	-174.845147696
-90.332559464	64.1482925008	-176.213824
-97.355590954	97.0806531085	175.441000583
-153.541365858	169.338946133	177.674435683
-76.4770009515	-25.6780156715	171.903573264
-62.2662804448	-49.4106794658	177.042415215
-60.2392362327	-42.7161315418	177.922567701
-59.6363544616	-48.4344488452	177.45234821
-55.9374694752	-46.9221360169	179.995378627
-61.7801431839	-42.2488054664	177.054630794
-61.3683509427	-36.843042098	177.320789942
-67.2899402983	-42.2703692378	177.674571904
-62.8427900754	-44.0043918009	173.765770461
-53.9481356874	-51.1961365974	179.343064181
-59.7858741845	-43.9712433165	177.834126832
-52.7254756648	-49.6528881441	-178.225631871
-57.6309751839	-48.8512458393	-176.300870682
-68.3246136347	-47.5536388482	-178.057696974
-67.0147965729	-41.4079382761	178.411145854
-58.5131122669	-49.7946994243	178.798726083
-60.3265787787	-38.7145810594	174.17278998
-62.6253926262	-40.0598265601	176.858872558
-64.4182595946	-40.1442530895	-178.841266675
-68.5860837976	-34.6646813045	179.855144174
-80.8228463089	-59.946881235	-179.170869663
138.178234291	22.6832874964	-178.167049084
-91.2693391756	158.894776718	-175.183385954
-57.9147309581	126.775834768	-172.925661178
-72.3260484844	-42.8612073182	-177.129135809
-68.8768563268	-32.4453764753	177.15201684
-71.1075886247	-39.9605150693	177.88716169
-61.0527045975	-43.2681420997	176.903248466
-58.310521908	-46.0214324478	178.972930496
-64.1449578102	-45.996936476	-178.361668202
-60.0357644452	-41.1300968778	177.948008986
-63.9702985971	-40.8617672191	174.781632443
-63.4296426187	-41.4067781381	174.514954755
-59.6240768581	-44.7697950312	177.56017095
-57.5008271304	-49.1328302496	176.342655343
-53.5259542933	-48.3140180611	-178.803998044
-58.232823505	-45.1642170889	-179.51152875
-64.8960647801	-40.6864661543	175.49505852
-63.3141236317	-46.4746150705	-178.609717414
-61.4662354409	-45.2838415241	178.235721781
-60.7860946582	-51.8731453437	-178.99012862
-60.2434517827	-44.7782012616	177.306213805
-57.010199917	-53.4036691496	178.737866754
-54.9948853676	-39.7302438874	178.755706381
-64.9513984404	-40.3724651285	177.337974383
-75.5289672236	-31.5391254589	-178.993193355
103.252943509	-0.876674057924	-174.82215495
-90.2905667041	64.0853281402	-176.22663114
-97.2674951698	97.1351047441	175.372869571
-153.571469348	169.343291248	177.700987307
-76.4580115556	-25.6124664621	171.93247735
-62.3931189725	-49.3926648144	177.045417296
-60.2179266513	-42.7083963709	177.938288277
-59.6627426059	-48.401024869	177.432357881
-56.0015548734	-46.9607093934	179.992861651
-61.6659713513	-42.3425938839	177.012426354
-61.3128630007	-36.7288664101	177.326176068
-67.3820885712	-42.2787038719	177.686629835
-62.8657945478	-44.0231885107	173.796829595
-53.9966759838	-51.164225259	179.313502254
-59.7156679082	-44.0399959962	177.789532882
-52.7418588176	-49.531551019	-178.214670853
-57.7096320921	-48.9216537442	-176.248560686
-68.2606182464	-47.5632402323	-178.05400839
-66.9656947282	-41.4123444837	178.421796199
-58.4877990414	-49.8339003762	178.762658503
-60.3274849687	-38.6638894688	174.185211328
-62.6666538902	-40.040577932	176.836165334
-64.4190718424	-40.0714940853	-178.816343846
-68.6187604308	-34.7012910449	179.875824315
-80.8115159203	-60.0053105805	-179.124237306
138.21525053	22.6598719979	-178.113201217
-91.2783687119	158.995247133	-175.171520206
-57.9353467382	126.692107225	-173.042436775
-72.2814076937	-42.9433050676	-177.169453743
-68.8869073874	-32.3689561764	177.069029401
-71.1166071373	-39.9878032366	177.861768881
-60.9542869343	-43.3384112868	176.899355693
-58.2832890381	-45.9750747783	179.020417872
-64.2562145341	-45.929322185	-178.482171962
-59.9518917088	-41.2163715287	177.983273129
-63.919406723	-40.9149115554	174.841661239
-63.4221276246	-41.4154742277	174.554855735
-59.6476277013	-44.7849668063	177.6165051
-57.5730490086	-49.0499897606	176.324815314
-53.5014796153	-48.3811501504	-178.701363607
-58.3076501615	-45.170577351	-179.504566134
-64.7747906274	-40.7077945977	175.496181819
-63.3519199888	-46.4433161855	-178.696453135
-61.3759508865	-45.3705806705	178.304011455
-60.847231163	-51.8416008061	-179.021383993
-60.2196206418	-44.7933219795	177.367379599
-57.031236202	-53.3126410487	178.792766843
-54.9976558277	-39.7373937139	178.788361069
-64.9410442527	-40.2711181317	177.312474936
-75.5950028002	-31.4766446319	-178.992136065
103.211320997	-0.84380318499	-174.873107112
-90.2301680025	64.0613778507	-176.219339389
-97.2218666975	97.0301086951	175.454820863
-153.557293593	169.311416333	177.685392388
-76.4259420919	-25.6637632516	171.863704965
-62.3150952893	-49.4108359257	177.015201691
-60.2246755046	-42.6846643517	177.936065631
-59.6571120757	-48.4909764631	177.489384322
-55.9030305038	-46.9116682594	179.974722888
-62.4678957007	-44.382509197	178.584485135
-60.0921423687	-38.5563922494	178.371209051
-67.7946572578	-44.2054422484	176.534664028
-57.8273729375	-38.5651481636	176.902199146
-59.9561509571	-49.5494319442	178.897757263
-59.2559449248	-41.387975878	176.708098259
-61.9083882123	-50.9280382329	179.628526618
-61.8711796552	-33.9124186272	-179.265630784
-72.9525191265	1.9139781754	173.351111816
134.927782509	-31.878150093	-179.11014045
75.701432008	10.112742101	-179.640984915
-90.3598575192	162.142666691	172.503951732
-47.792916163	-40.0340869006	176.514663964
-67.6135053297	-41.4734779802	176.557677053
-57.4196207722	-42.5159814064	-177.94834864
-58.9223982817	-47.49653051	178.482757731
-65.8462646747	-50.9108269597	-172.694044959
-68.7676258556	-45.3783294385	-175.62515266
-71.6661003697	-31.9643740228	173.352633811
-63.9869125331	-42.2457608974	173.919768754
-63.744640973	-40.4033455692	175.653276845
-59.8718909635	-49.0764095085	176.117742294
-54.0798123653	-48.7312063945	-178.415471902
-58.2419867977	-45.9427988933	178.249862113
-60.3855049668	-45.2324215999	179.18788029
-65.0218676965	-42.5158786645	-179.536485611
-61.7810479384	-44.5411208399	179.243756182
-66.7013013556	-39.7267247991	179.389294669
-66.3597465782	-42.4649535114	179.322264864
-65.2538347837	-34.4174768289	176.521747671
-70.9370942361	-44.228112637	179.728098154
-63.8436331909	-37.6264858347	-178.182385878
-57.6080542514	0.0	0.0
